"112年03月 2330 台積電           各日成交資訊"
"日期","成交股數","成交金額","開盤價","最高價","最低價","收盤價","漲跌價差","成交筆數",
"112/03/01","45,971,058","23,624,972,884","504.00","522.00","504.00","522.00","+11.00","31,738",
"112/03/02","18,017,085","9,344,352,321","519.00","520.00","515.00","519.00","-3.00","14,320",
"112/03/03","24,117,189","12,510,608,773","524.00","525.00","516.00","516.00","-3.00","22,160",
"112/03/06","24,741,125","12,883,854,256","520.00","524.00","517.00","521.00","+5.00","20,678",
"112/03/07","27,650,283","14,465,320,023","521.00","526.00","519.00","524.00","+3.00","20,595",
"112/03/08","27,077,587","14,091,713,576","521.00","523.00","518.00","521.00","-3.00","20,504",
"112/03/09","25,639,391","13,430,582,677","525.00","526.00","522.00","522.00","+1.00","16,497",
"112/03/10","25,572,403","13,122,265,260","515.00","516.00","511.00","513.00","-9.00","46,216",
"112/03/13","22,568,740","11,608,973,891","513.00","518.00","509.00","516.00","+3.00","24,150",
"112/03/14","26,599,476","13,602,260,966","511.00","514.00","510.00","510.00","-6.00","24,848",
"112/03/15","24,080,361","12,350,942,139","515.00","516.00","510.00","511.00","+1.00","21,075",
"112/03/16","23,325,664","11,809,911,840","505.00","510.00","504.00","505.00","X0.00","33,493",
"112/03/17","35,872,881","18,538,033,584","516.00","518.00","513.00","518.00","+13.00","21,217",
"112/03/20","12,752,221","6,542,889,562","517.00","518.00","510.00","512.00","-6.00","17,709",
"112/03/21","18,519,120","9,534,730,452","515.00","517.00","512.00","517.00","+5.00","14,094",
"112/03/22","45,681,056","24,168,561,556","524.00","533.00","524.00","533.00","+16.00","56,483",
"112/03/23","28,614,856","15,307,492,846","528.00","539.00","528.00","538.00","+5.00","35,313",
"112/03/24","22,963,771","12,348,311,773","536.00","539.00","535.00","539.00","+1.00","24,762",
"112/03/27","17,170,557","9,148,085,033","533.00","536.00","531.00","531.00","-8.00","17,484",
"112/03/28","18,327,556","9,629,323,504","525.00","530.00","524.00","525.00","-6.00","20,744",
"112/03/29","17,620,195","9,329,137,251","533.00","533.00","525.00","530.00","+5.00","15,653",
"112/03/30","20,380,650","10,894,446,851","536.00","537.00","531.00","535.00","+5.00","18,171",
"112/03/31","24,324,776","12,997,575,231","538.00","538.00","532.00","533.00","-2.00","15,962",
"說明:"
"符號說明:+/-/X表示漲/跌/不比價"
"當日統計資訊含一般、零股、盤後定價、鉅額交易，不含拍賣、標購。"
"ETF證券代號第六碼為K、M、S、C者，表示該ETF以外幣交易。"
"權證證券代號可重複使用，權證顯示之名稱係目前存續權證之簡稱。"

